"\u8BBE\u5907SN": {}
"\u8BBE\u5907\u7C7B\u578B": {}
"\u8F6F\u63A2\u9488\u7248\u672C":
  SoftDetector_V2.2_20170621_15151: [1300010, 633246, 2249735, 0, 0]
  SoftDetector_V2.2_20170621_15151_15118: [357288, 166232, 745428, 0, 0]
  SoftDetector_V2.2_20170621_15151_18235: [592, 311, 1684, 0, 0]
  SoftDetector_V2.2_20170821_16568: [55, 54, 288, 0, 0]
  SoftDetector_V2.2_20170821_16568_16571: [81662, 70223, 99943, 89239, 89005]
  SoftDetector_V2.3_20171112_18230: [952, 859, 2478, 0, 0]
  SoftDetector_V2.3_20171112_18230_15118: [336136, 172660, 937100, 0, 0]
  SoftDetector_V2.3_20171112_18230_16571: [328, 326, 87, 0, 0]
  SoftDetector_V2.3_20171112_18230_18235: [4080071, 3659635, 8223356, 10384874, 10170091]
  'null': [0, 0, 144, 0, 0]
